1 0.623636 0.383102 0.245784 0.228505
1 0.166047 0.322421 0.167907 0.128968
1 0.496528 0.755622 0.992560 0.463624
0 0.352555 0.666832 0.146081 0.433532
0 0.465774 0.671627 0.172123 0.451058
0 0.620288 0.685185 0.197421 0.426587
0 0.704489 0.620040 0.138641 0.351190
0 0.773934 0.637070 0.178323 0.381944
0 0.881696 0.636243 0.236607 0.375000
0 0.190352 0.644841 0.119296 0.427249
0 0.081349 0.659226 0.162202 0.437500
0 0.165427 0.313657 0.059028 0.091601
0 0.196925 0.288856 0.040675 0.106151
0 0.238219 0.282077 0.062252 0.109788
0 0.277902 0.385251 0.272073 0.164021
0 0.456969 0.373843 0.087054 0.178241
0 0.725694 0.401620 0.189484 0.174272
