0 0.726687 0.521081 0.161706 0.038194
0 0.727679 0.482267 0.161706 0.042907
0 0.692130 0.625000 0.171958 0.038690
0 0.695933 0.671875 0.170304 0.051587
0 0.911872 0.220486 0.076389 0.147817
0 0.812831 0.248884 0.090608 0.143601
0 0.758433 0.245040 0.047288 0.123512
0 0.702216 0.243924 0.047950 0.128224
0 0.655093 0.230779 0.068122 0.114831
0 0.660880 0.356895 0.079034 0.109127
0 0.604663 0.384673 0.055886 0.102183
0 0.559028 0.385045 0.058532 0.098462
0 0.551257 0.320561 0.060847 0.121280
0 0.487269 0.366691 0.069775 0.117808
0 0.170470 0.406498 0.047288 0.083333
0 0.208995 0.408606 0.044312 0.086558
0 0.251323 0.415179 0.060847 0.127480
1 0.333168 0.388889 0.580357 0.147321
1 0.182540 0.762029 0.326058 0.149554
