0 0.644593 0.519015 0.166667 0.250331
0 0.532862 0.493552 0.164931 0.338294
0 0.399926 0.501653 0.108879 0.327381
0 0.288814 0.519015 0.136161 0.381944
0 0.593130 0.322090 0.040923 0.063492
0 0.632937 0.331019 0.038690 0.057540
0 0.488839 0.302745 0.034722 0.063823
0 0.453125 0.304563 0.035714 0.068122
0 0.432168 0.306052 0.021081 0.055886
0 0.419891 0.305556 0.019841 0.044312
0 0.401042 0.306548 0.025298 0.066138
0 0.376116 0.306052 0.027530 0.065146
0 0.357019 0.298280 0.030010 0.058201
0 0.333705 0.290179 0.031498 0.063161
0 0.307664 0.279101 0.035962 0.070767
0 0.202009 0.257110 0.047371 0.046627
0 0.238591 0.253142 0.024802 0.038029
0 0.156250 0.238757 0.029266 0.037037
0 0.172123 0.280589 0.051091 0.060516
0 0.115575 0.260913 0.047123 0.083333
1 0.382812 0.648975 0.765129 0.313161
