0 0.334821 0.709325 0.298611 0.140873
0 0.395999 0.680060 0.237103 0.137401
0 0.458995 0.659970 0.167328 0.127480
0 0.548942 0.630704 0.163360 0.082837
0 0.708995 0.873884 0.387566 0.156498
0 0.806052 0.789187 0.263558 0.177083
1 0.807374 0.861359 0.341601 0.277282
1 0.090278 0.868428 0.179894 0.262649
1 0.262731 0.809400 0.176918 0.227431
1 0.419147 0.716642 0.115410 0.217510
1 0.529762 0.666667 0.077381 0.184028
1 0.621858 0.617808 0.071098 0.171627
1 0.693287 0.593626 0.047288 0.143105
1 0.755622 0.899182 0.470899 0.201637
