0 0.850322 0.409392 0.052331 0.083333
0 0.817584 0.414683 0.052331 0.083995
0 0.795759 0.419478 0.039931 0.071098
0 0.777778 0.417163 0.048611 0.084987
0 0.736855 0.418485 0.049107 0.077050
0 0.699529 0.417163 0.045883 0.067130
0 0.715650 0.353671 0.040923 0.063161
0 0.671751 0.418155 0.031498 0.060516
0 0.652406 0.411872 0.037450 0.074405
0 0.629464 0.415840 0.026290 0.073082
0 0.600570 0.416171 0.028522 0.081019
0 0.579613 0.425265 0.024802 0.080688
0 0.560144 0.422454 0.027034 0.084325
0 0.525050 0.423446 0.035714 0.085648
0 0.495660 0.421462 0.028026 0.073082
0 0.459449 0.421462 0.037450 0.077050
0 0.434276 0.432540 0.033730 0.100529
0 0.412202 0.423942 0.031746 0.089947
0 0.393601 0.427745 0.025298 0.090278
0 0.361731 0.427745 0.035466 0.085648
0 0.324777 0.442130 0.042907 0.093254
0 0.297123 0.382937 0.033730 0.044312
0 0.269469 0.379134 0.030010 0.064484
0 0.284350 0.447421 0.030506 0.080026
0 0.259053 0.440642 0.034970 0.082341
0 0.233631 0.442626 0.029762 0.094907
0 0.206845 0.439319 0.035714 0.100198
0 0.037698 0.568122 0.042659 0.092593
0 0.065600 0.568618 0.053323 0.111442
0 0.090402 0.496528 0.096478 0.063823
0 0.134673 0.545966 0.074405 0.115079
0 0.186508 0.539187 0.051091 0.129299
0 0.233507 0.544478 0.053323 0.106812
0 0.280010 0.539683 0.033234 0.120370
0 0.315600 0.530093 0.037946 0.115079
0 0.347966 0.528274 0.040675 0.124669
0 0.396329 0.524306 0.043155 0.098876
0 0.428447 0.515212 0.035962 0.113757
0 0.466394 0.510913 0.037946 0.106481
0 0.499132 0.534557 0.044395 0.122024
0 0.518725 0.514716 0.030506 0.093585
0 0.541171 0.514881 0.033234 0.089947
0 0.579365 0.511409 0.032738 0.108135
0 0.612599 0.526290 0.040179 0.103505
0 0.642733 0.516700 0.037946 0.096230
0 0.671255 0.511409 0.046379 0.096892
0 0.742932 0.503638 0.081101 0.097884
0 0.806548 0.496032 0.055556 0.096561
0 0.846602 0.499835 0.053323 0.094907
0 0.906870 0.505622 0.068204 0.111772
0 0.283854 0.329696 0.063244 0.059524
0 0.031994 0.708499 0.063492 0.165013
0 0.080977 0.697917 0.062748 0.184854
0 0.149306 0.709987 0.079365 0.187169
0 0.225570 0.691634 0.067212 0.160384
0 0.287078 0.680225 0.060268 0.174603
0 0.327381 0.675430 0.044643 0.180225
0 0.378348 0.672950 0.060268 0.163360
0 0.430556 0.687335 0.047619 0.190146
0 0.472222 0.684524 0.038194 0.187831
0 0.496280 0.682044 0.039683 0.174272
0 0.535342 0.672950 0.055308 0.173280
0 0.588046 0.671462 0.051091 0.151124
0 0.624132 0.667163 0.046379 0.149802
0 0.663070 0.674438 0.069196 0.143849
0 0.714906 0.667659 0.078125 0.150794
0 0.814608 0.648975 0.082589 0.154431
0 0.854787 0.639716 0.072669 0.128638
0 0.934028 0.649306 0.081349 0.139881
0 0.923735 0.709491 0.113343 0.118717
0 0.876240 0.745536 0.142857 0.125992
0 0.847222 0.793155 0.124008 0.107474
0 0.673859 0.761409 0.133929 0.103505
0 0.611607 0.793155 0.116071 0.096230
0 0.675223 0.805060 0.130208 0.137897
0 0.686508 0.850860 0.154266 0.154762
0 0.465898 0.822917 0.138145 0.155093
0 0.485987 0.882110 0.153026 0.135251
1 0.672371 0.536872 0.655258 0.120040
1 0.658110 0.689153 0.683780 0.179894
1 0.583209 0.438327 0.477927 0.084325
1 0.168775 0.442130 0.135169 0.128307
1 0.716394 0.362269 0.160466 0.069114
1 0.539931 0.365410 0.081845 0.033069
1 0.471850 0.333829 0.052331 0.093585
1 0.890253 0.359458 0.160962 0.153439
