0 0.641700 0.741567 0.193452 0.110615
0 0.604663 0.671999 0.178241 0.093502
0 0.540675 0.615823 0.218254 0.085813
0 0.494544 0.572049 0.211310 0.073165
0 0.464782 0.510789 0.210648 0.070685
0 0.409888 0.434648 0.177579 0.108383
0 0.381118 0.394345 0.164352 0.102183
0 0.330192 0.353423 0.190807 0.066468
0 0.817626 0.724578 0.166336 0.085069
0 0.797784 0.688864 0.164352 0.073165
0 0.757937 0.637525 0.156085 0.102431
0 0.712302 0.600446 0.159392 0.058036
0 0.684028 0.556796 0.161706 0.080853
0 0.624339 0.497520 0.121032 0.069940
0 0.544974 0.423487 0.123677 0.071181
1 0.374339 0.339658 0.539683 0.498264
1 0.721065 0.421875 0.367394 0.383433
