0 0.145833 0.532573 0.223710 0.548611
0 0.382316 0.497851 0.249256 0.534722
0 0.517733 0.456019 0.218006 0.488095
0 0.614707 0.454696 0.243304 0.463624
0 0.740823 0.451224 0.224206 0.444775
0 0.887525 0.450728 0.224950 0.395503
0 0.876364 0.207011 0.055308 0.090608
0 0.824529 0.199405 0.060764 0.078704
0 0.701017 0.179729 0.062748 0.075066
0 0.659598 0.176257 0.047867 0.099206
0 0.638021 0.181548 0.044395 0.085317
0 0.624628 0.180060 0.034474 0.100860
0 0.572173 0.176422 0.042659 0.094246
0 0.518229 0.167659 0.056796 0.097884
0 0.484499 0.170470 0.041915 0.098876
0 0.271825 0.150298 0.050099 0.135251
0 0.226314 0.131118 0.063740 0.125331
0 0.189484 0.130622 0.048115 0.108466
0 0.136657 0.144180 0.056052 0.107143
0 0.096974 0.133433 0.056052 0.114749
0 0.121280 0.086806 0.066468 0.062500
1 0.667163 0.640873 0.665675 0.394180
