0 0.051091 0.633433 0.098710 0.188161
0 0.281126 0.755952 0.133185 0.209656
0 0.227431 0.600364 0.057044 0.173611
0 0.306796 0.588790 0.060516 0.170966
0 0.342386 0.586310 0.042411 0.156746
0 0.383185 0.589286 0.058036 0.163360
0 0.409598 0.564319 0.038442 0.160384
0 0.454489 0.582176 0.051835 0.161045
0 0.494916 0.593089 0.042411 0.158399
0 0.536954 0.568122 0.049603 0.156085
0 0.567956 0.556052 0.050595 0.149802
0 0.637029 0.569940 0.069692 0.159722
0 0.696181 0.550430 0.081845 0.139881
0 0.735491 0.537864 0.061756 0.151786
0 0.785218 0.531581 0.068948 0.124008
0 0.817708 0.529597 0.072917 0.143849
0 0.869420 0.545966 0.071181 0.129630
0 0.915303 0.543155 0.063740 0.138558
0 0.965154 0.531085 0.069692 0.130952
0 0.270461 0.451224 0.037946 0.110780
0 0.299727 0.450728 0.036458 0.109788
0 0.326885 0.451224 0.032242 0.098214
0 0.377108 0.448413 0.045387 0.099206
0 0.411334 0.446429 0.033978 0.110450
0 0.437128 0.451720 0.040923 0.098545
0 0.469246 0.452712 0.051091 0.097222
0 0.506076 0.423446 0.035466 0.108135
0 0.547247 0.423942 0.042907 0.110450
0 0.584945 0.417163 0.054812 0.102844
0 0.626736 0.412864 0.055060 0.103505
0 0.658482 0.418651 0.049107 0.121693
0 0.684152 0.413360 0.046875 0.120370
0 0.727927 0.406085 0.057540 0.111772
0 0.760417 0.404101 0.041171 0.108466
0 0.791791 0.397487 0.046875 0.097884
0 0.825273 0.409392 0.050843 0.091270
0 0.850074 0.393519 0.044891 0.089286
0 0.885665 0.390708 0.051091 0.094246
0 0.927579 0.398810 0.066964 0.101190
0 0.893973 0.245040 0.055804 0.055556
0 0.959573 0.305556 0.051587 0.053571
0 0.918899 0.299769 0.041667 0.069775
0 0.797247 0.310020 0.045883 0.079696
0 0.766245 0.305225 0.033978 0.064815
0 0.734747 0.310847 0.047371 0.068783
0 0.704985 0.314153 0.044891 0.070767
0 0.684400 0.319610 0.045387 0.073743
0 0.653274 0.312335 0.042163 0.076389
0 0.613095 0.318122 0.033234 0.064153
0 0.590402 0.341104 0.028522 0.069775
0 0.555432 0.334491 0.037450 0.079034
0 0.532490 0.332507 0.048115 0.065146
0 0.503100 0.333499 0.036954 0.080357
0 0.472718 0.332507 0.040675 0.095569
0 0.466642 0.221561 0.062748 0.048942
1 0.887897 0.559854 0.224206 0.148148
1 0.836310 0.419147 0.327381 0.106812
1 0.732267 0.319940 0.295387 0.070437
1 0.919891 0.306052 0.146329 0.073082
1 0.407738 0.272487 0.118056 0.242725
1 0.191592 0.273644 0.161954 0.261574
