0 0.103051 0.284061 0.111359 0.173942
0 0.198413 0.302083 0.067460 0.150463
0 0.267485 0.302249 0.058284 0.161376
0 0.337178 0.293981 0.080109 0.152778
0 0.461434 0.307044 0.051339 0.124008
0 0.504464 0.310847 0.060516 0.130952
0 0.623760 0.316138 0.075893 0.143519
0 0.537946 0.437831 0.098214 0.234127
0 0.453993 0.435847 0.093998 0.250000
0 0.665427 0.601190 0.180556 0.415344
0 0.367560 0.603175 0.155754 0.450397
0 0.233631 0.646495 0.193948 0.567460
1 0.534846 0.746197 0.929812 0.422950
1 0.479415 0.528604 0.958333 0.186839
