0 0.710483 0.834697 0.382606 0.121280
0 0.756118 0.738343 0.353505 0.114087
0 0.617063 0.658358 0.248677 0.157986
0 0.636409 0.564112 0.300595 0.105903
0 0.652282 0.509053 0.290675 0.106895
0 0.698909 0.461806 0.230489 0.099206
0 0.666171 0.434524 0.210648 0.124008
0 0.663360 0.381448 0.187831 0.089286
0 0.653108 0.360987 0.147487 0.062252
0 0.660880 0.321305 0.162368 0.070188
0 0.670139 0.302827 0.159722 0.070933
0 0.649306 0.257564 0.153770 0.048363
0 0.662864 0.237971 0.133929 0.080109
0 0.674769 0.213170 0.146495 0.080605
0 0.670470 0.194816 0.121362 0.083085
0 0.662864 0.165055 0.114749 0.073661
0 0.416667 0.209449 0.124339 0.025546
0 0.217097 0.913814 0.247685 0.094990
0 0.232639 0.832589 0.261574 0.111111
0 0.259921 0.752232 0.279101 0.079365
0 0.265212 0.699529 0.185185 0.048859
0 0.311839 0.670635 0.244709 0.066468
0 0.308532 0.624380 0.238095 0.079613
0 0.319610 0.565476 0.208664 0.053075
0 0.323909 0.524678 0.219246 0.048859
0 0.322421 0.481399 0.187169 0.061508
0 0.363757 0.442088 0.152116 0.051835
0 0.358466 0.411210 0.175926 0.049603
0 0.383929 0.379092 0.145503 0.058780
0 0.408069 0.348958 0.154101 0.059524
0 0.150298 0.683284 0.216601 0.112599
0 0.186343 0.577257 0.197421 0.082093
0 0.209491 0.503348 0.170966 0.075149
0 0.234954 0.456349 0.119378 0.072917
0 0.259094 0.413070 0.104828 0.067212
0 0.266700 0.379836 0.098214 0.077133
0 0.311508 0.251612 0.098545 0.060268
0 0.116733 0.399182 0.158730 0.050347
0 0.111442 0.425471 0.127646 0.036954
0 0.090278 0.451265 0.119048 0.046875
0 0.068618 0.471974 0.092923 0.038690
0 0.071925 0.502356 0.110780 0.047371
1 0.735615 0.537698 0.389220 0.851687
1 0.270172 0.596850 0.450397 0.802827
1 0.079200 0.468998 0.157738 0.171627
1 0.042493 0.596230 0.084325 0.117063
