0 0.171958 0.033234 0.340608 0.064484
0 0.184524 0.119544 0.365741 0.107639
0 0.232143 0.221726 0.257275 0.107143
0 0.262401 0.294643 0.274140 0.080853
0 0.278108 0.371900 0.251323 0.068204
0 0.257440 0.431424 0.270172 0.076637
0 0.283565 0.506572 0.263558 0.068700
0 0.235946 0.540551 0.278770 0.060764
0 0.306548 0.587054 0.242063 0.034722
0 0.269511 0.778894 0.182540 0.057788
0 0.285053 0.891121 0.204365 0.103671
0 0.501323 0.912574 0.200397 0.109871
0 0.597884 0.127232 0.310847 0.181548
0 0.624835 0.208953 0.262897 0.151042
0 0.629630 0.310144 0.245370 0.086558
0 0.605985 0.367560 0.252976 0.099206
0 0.596396 0.429688 0.190146 0.116815
0 0.611772 0.475446 0.264550 0.118552
0 0.588294 0.541295 0.222884 0.073661
0 0.598380 0.671007 0.219246 0.063740
0 0.591601 0.810516 0.178571 0.090774
0 0.585979 0.755704 0.171296 0.086310
0 0.600364 0.678075 0.219246 0.071429
1 0.566634 0.453993 0.340278 0.897073
1 0.278439 0.439236 0.487434 0.856151
