0 0.598462 0.415675 0.091270 0.255291
0 0.546999 0.349868 0.064236 0.157407
0 0.494668 0.426257 0.095982 0.229497
0 0.403770 0.414187 0.087302 0.178241
0 0.304936 0.408399 0.110863 0.187169
0 0.173611 0.399802 0.139881 0.220238
0 0.038814 0.313823 0.077133 0.175926
0 0.133433 0.612434 0.116071 0.496032
0 0.291791 0.626323 0.163442 0.522487
0 0.417659 0.593585 0.114583 0.468915
0 0.424975 0.514220 0.153026 0.253968
0 0.559028 0.629134 0.141865 0.471892
0 0.720362 0.644015 0.198165 0.499669
0 0.855779 0.634425 0.252232 0.502315
1 0.264757 0.389881 0.508185 0.111111
1 0.311880 0.549107 0.609375 0.172288
1 0.379464 0.777778 0.758433 0.361111
