0 0.188004 0.478222 0.37596 0.656129
0 0.93954 0.786381 0.119219 0.406768
0 0.912545 0.580891 0.173618 0.719917
0 0.38453 0.459964 0.142907 0.267824
0 0.655162 0.499232 0.0760062 0.266484
0 0.647978 0.480754 0.101089 0.263008
0 0.820538 0.551189 0.156318 0.438007
0 0.773635 0.505443 0.17007 0.452085
0 0.700297 0.506419 0.108819 0.369974
0 0.324828 0.421797 0.221132 0.338773
0 0.634755 0.486261 0.0770565 0.238264
0 0.717425 0.516478 0.0952398 0.389269
0 0.6635 0.47481 0.131624 0.298676
0 0.685578 0.509132 0.0723715 0.291463
0 0.720465 0.527546 0.0783742 0.329856
0 0.671129 0.50276 0.0810835 0.276021
