0 0.669271 0.703208 0.114335 0.184193
0 0.877976 0.615245 0.065476 0.174934
0 0.832465 0.594577 0.086062 0.164683
0 0.736607 0.546958 0.052579 0.109127
0 0.671875 0.542824 0.074405 0.103505
0 0.663814 0.484292 0.078125 0.068452
0 0.588914 0.512731 0.069692 0.126653
0 0.561136 0.505126 0.043899 0.084325
0 0.519717 0.502976 0.052827 0.084656
0 0.504464 0.477348 0.047619 0.052579
0 0.456101 0.569114 0.097718 0.111111
0 0.439732 0.477513 0.060516 0.075397
0 0.394221 0.469577 0.052827 0.062831
0 0.365699 0.503472 0.062252 0.071098
0 0.399182 0.526290 0.077629 0.073082
0 0.577009 0.650132 0.136657 0.167328
0 0.539559 0.609127 0.095486 0.121032
0 0.416791 0.753142 0.167907 0.248347
0 0.388889 0.712302 0.174107 0.183862
0 0.352183 0.609127 0.101687 0.122354
0 0.312376 0.610946 0.110863 0.149802
0 0.331597 0.523479 0.077381 0.085979
1 0.741071 0.511078 0.517857 0.424272
1 0.500248 0.717262 0.522321 0.442460
