0 0.120040 0.173735 0.185847 0.115327
0 0.105159 0.234375 0.202381 0.094742
0 0.431052 0.211682 0.190807 0.096478
0 0.420470 0.293899 0.188161 0.082341
0 0.379630 0.341394 0.189815 0.073661
0 0.356481 0.395709 0.238095 0.096478
0 0.367229 0.447669 0.228505 0.089286
0 0.324901 0.513021 0.263558 0.104415
0 0.275298 0.581721 0.294643 0.121280
0 0.260417 0.668527 0.353505 0.088542
0 0.275298 0.831597 0.327050 0.127480
0 0.265708 0.944320 0.375992 0.110863
0 0.637897 0.171999 0.189815 0.089534
0 0.626323 0.218006 0.161376 0.055556
0 0.630126 0.282490 0.210648 0.084821
0 0.623843 0.334697 0.170966 0.065228
0 0.624339 0.374504 0.193783 0.084821
0 0.566634 0.403646 0.209987 0.083581
0 0.667163 0.404390 0.201389 0.088046
0 0.650794 0.466766 0.246693 0.073909
0 0.633929 0.517981 0.238757 0.084077
0 0.613757 0.560268 0.251323 0.114583
0 0.606481 0.640253 0.288360 0.117808
0 0.581680 0.697049 0.304233 0.094990
0 0.632937 0.775050 0.314815 0.089286
0 0.661706 0.832589 0.311508 0.077381
0 0.640708 0.929936 0.356151 0.098462
0 0.940146 0.375124 0.119709 0.160962
0 0.869544 0.262649 0.122685 0.119048
1 0.516700 0.297371 0.448743 0.267857
1 0.476687 0.513889 0.547950 0.252976
1 0.436177 0.796131 0.685847 0.407738
1 0.136905 0.211806 0.216270 0.117560
1 0.108962 0.340278 0.217262 0.211806
