0 0.113095 0.068576 0.151455 0.062252
0 0.075728 0.130580 0.127646 0.058780
0 0.078208 0.164931 0.141865 0.066468
0 0.085317 0.196181 0.152116 0.076389
0 0.460317 0.160714 0.159392 0.072421
0 0.513228 0.235739 0.159392 0.083581
0 0.533069 0.364087 0.207011 0.096230
0 0.500496 0.420015 0.179563 0.094990
0 0.539187 0.466766 0.179563 0.107639
0 0.566964 0.491567 0.212632 0.077877
0 0.520337 0.552579 0.209987 0.064980
0 0.528770 0.609995 0.251323 0.097966
0 0.529431 0.696677 0.233466 0.094246
0 0.513228 0.803075 0.253968 0.160714
0 0.531581 0.900794 0.285384 0.163690
0 0.630456 0.931424 0.314484 0.137153
