0 0.720982 0.409888 0.044643 0.111442
0 0.634301 0.499339 0.044891 0.122354
0 0.645089 0.412864 0.040179 0.110780
0 0.596602 0.406085 0.031002 0.078704
0 0.580977 0.496032 0.036954 0.115741
0 0.550719 0.489253 0.035466 0.108135
0 0.462922 0.464782 0.053323 0.097553
0 0.424107 0.482970 0.026786 0.111442
0 0.507192 0.470073 0.036706 0.113426
0 0.569568 0.406085 0.025050 0.087302
0 0.532862 0.403604 0.031002 0.078373
0 0.314236 0.462798 0.034722 0.092923
0 0.348710 0.478175 0.027778 0.090608
0 0.389757 0.469081 0.028026 0.119378
0 0.577381 0.791667 0.044643 0.187831
0 0.504464 0.746032 0.053571 0.196429
0 0.480655 0.718089 0.055060 0.168320
0 0.427579 0.699901 0.047619 0.175595
0 0.360615 0.693948 0.038690 0.152447
0 0.306672 0.677745 0.044395 0.125331
1 0.440104 0.488591 0.466022 0.245701
1 0.499752 0.306713 0.402778 0.095569
1 0.799975 0.258267 0.089038 0.142196
1 0.888517 0.773479 0.222966 0.446429
1 0.361607 0.721892 0.562004 0.384259
0 0.869668 0.329861 0.102927 0.074405
0 0.894841 0.397487 0.107639 0.129630
0 0.906994 0.680060 0.186012 0.109458
0 0.664683 0.180721 0.066468 0.053241
0 0.606647 0.196925 0.058036 0.060516
0 0.564236 0.203042 0.050099 0.054233
0 0.908978 0.788690 0.176091 0.088624
0 0.919519 0.719081 0.153026 0.105489
