0 0.812996 0.501653 0.063988 0.185185
0 0.692832 0.501323 0.072173 0.189153
0 0.639261 0.653274 0.079613 0.247024
0 0.539311 0.628142 0.038938 0.224537
0 0.497272 0.614749 0.038194 0.195767
0 0.355407 0.561839 0.059524 0.186508
0 0.096974 0.501323 0.050099 0.175265
0 0.798487 0.278770 0.054315 0.136905
0 0.616071 0.479167 0.031746 0.140212
0 0.561136 0.477348 0.046875 0.168320
0 0.506572 0.465774 0.063740 0.135251
0 0.420511 0.453704 0.080109 0.136243
0 0.158110 0.539187 0.078125 0.159722
0 0.274058 0.571925 0.065972 0.194114
1 0.363591 0.610615 0.726687 0.498347
1 0.498388 0.293651 0.692212 0.210317
