0 0.279266 0.231978 0.069940 0.095569
0 0.595982 0.204696 0.065476 0.077381
0 0.654390 0.204696 0.028522 0.097884
0 0.716890 0.207507 0.046875 0.096230
0 0.766493 0.191634 0.047371 0.100860
0 0.806548 0.197421 0.041667 0.103175
0 0.847966 0.179067 0.035218 0.101521
0 0.888517 0.188823 0.040427 0.087963
0 0.928695 0.174769 0.038442 0.124008
0 0.973338 0.170470 0.052827 0.116733
0 0.753348 0.559028 0.186756 0.500331
0 0.596850 0.556052 0.185268 0.424272
0 0.223462 0.511409 0.157242 0.376653
0 0.136657 0.497520 0.165179 0.364087
0 0.083333 0.522983 0.166171 0.297288
1 0.479043 0.706349 0.938244 0.464286
