0 0.529101 0.143105 0.171296 0.074405
0 0.320106 0.078869 0.200397 0.109127
0 0.301257 0.141493 0.172619 0.088046
0 0.287864 0.178571 0.172288 0.092758
0 0.277282 0.494792 0.241733 0.074405
0 0.281085 0.564112 0.273810 0.096974
0 0.296462 0.688492 0.318452 0.100198
0 0.270007 0.767733 0.321098 0.094990
0 0.687831 0.649306 0.218254 0.049107
0 0.639220 0.577133 0.208333 0.064484
0 0.642692 0.535218 0.179563 0.069444
0 0.632937 0.485739 0.163360 0.076637
0 0.603671 0.434152 0.120040 0.063740
0 0.580688 0.349702 0.121032 0.076389
0 0.555721 0.259301 0.157738 0.085069
1 0.661541 0.434276 0.486442 0.683036
1 0.199901 0.493552 0.399140 0.902282
