0 0.424479 0.300265 0.130208 0.219577
0 0.495412 0.249008 0.128720 0.147487
0 0.563864 0.161706 0.118800 0.156085
0 0.246652 0.523479 0.207589 0.187169
0 0.439608 0.917163 0.233383 0.165675
0 0.515749 0.828538 0.245288 0.248347
0 0.673239 0.655258 0.170883 0.223214
0 0.713914 0.568452 0.183780 0.150794
0 0.706597 0.648313 0.173115 0.190807
0 0.767485 0.492063 0.168403 0.165344
0 0.801587 0.435847 0.182540 0.183862
0 0.838790 0.369709 0.165179 0.164021
0 0.863839 0.319279 0.180556 0.150463
0 0.872272 0.231812 0.184524 0.140212
