0 0.174975 0.458499 0.250744 0.530754
0 0.397073 0.472884 0.132440 0.465608
0 0.594370 0.457507 0.178819 0.350860
0 0.689732 0.460483 0.164683 0.379960
0 0.844246 0.484954 0.222718 0.381283
0 0.305556 0.208003 0.075893 0.178571
0 0.373016 0.230159 0.072917 0.197090
0 0.444816 0.237765 0.079117 0.167328
0 0.490947 0.244544 0.079613 0.178241
0 0.571925 0.246858 0.092758 0.154431
0 0.643849 0.252811 0.082341 0.169643
0 0.690972 0.256118 0.088294 0.159061
0 0.739831 0.249339 0.089782 0.156085
0 0.812376 0.272487 0.102927 0.164021
0 0.059524 0.189319 0.075893 0.191468
0 0.144097 0.202216 0.065476 0.202712
0 0.213914 0.210483 0.073165 0.183532
1 0.750744 0.296462 0.297123 0.203373
1 0.881944 0.525794 0.236111 0.289021
