0 0.574901 0.594907 0.126984 0.574074
0 0.872768 0.524802 0.185516 0.495370
0 0.704489 0.365741 0.154514 0.252646
0 0.878844 0.264220 0.129712 0.133598
0 0.776166 0.267196 0.113839 0.155423
0 0.508929 0.358466 0.122024 0.305556
0 0.436508 0.244544 0.073413 0.180225
0 0.367808 0.346065 0.109623 0.312500
0 0.216642 0.200728 0.098958 0.155423
0 0.056920 0.198743 0.096974 0.197090
0 0.222718 0.364749 0.139881 0.344577
0 0.104043 0.619213 0.207589 0.761574
1 0.425967 0.475198 0.833085 0.234127
1 0.512401 0.754630 0.963294 0.490741
1 0.316716 0.275463 0.628472 0.165344
