0 0.595073 0.178447 0.142526 0.157986
0 0.599372 0.331597 0.107474 0.187996
0 0.320106 0.051339 0.187169 0.099206
0 0.326720 0.069320 0.183201 0.118304
0 0.275298 0.162202 0.252976 0.085813
0 0.268188 0.235615 0.264550 0.062500
0 0.235946 0.279514 0.285384 0.046131
0 0.272983 0.328869 0.267526 0.096726
0 0.259425 0.389881 0.296627 0.060516
0 0.266700 0.413070 0.293981 0.068700
0 0.301257 0.477555 0.317460 0.035466
0 0.297454 0.528026 0.303241 0.056052
0 0.279101 0.582837 0.277778 0.058036
0 0.287368 0.641989 0.291667 0.075645
0 0.283896 0.707589 0.274140 0.059524
0 0.235946 0.757440 0.311839 0.072917
0 0.285880 0.812748 0.276124 0.078869
0 0.275794 0.913814 0.199735 0.171875
0 0.176257 0.875248 0.201720 0.116567
0 0.805060 0.772321 0.212632 0.111111
0 0.772487 0.718254 0.175265 0.052083
0 0.798446 0.668279 0.184193 0.065724
0 0.818618 0.608507 0.200728 0.063740
0 0.789683 0.588666 0.178571 0.065228
0 0.792659 0.546503 0.159392 0.056300
0 0.769676 0.510045 0.243717 0.056796
0 0.785384 0.472966 0.167328 0.046627
0 0.751323 0.414683 0.178571 0.047619
0 0.789683 0.374628 0.189815 0.056796
0 0.748016 0.353423 0.158730 0.056548
0 0.770999 0.327753 0.168981 0.047867
1 0.212467 0.526538 0.424272 0.898810
1 0.773313 0.504340 0.296627 0.559772
