0 0.803323 0.272487 0.075893 0.156746
0 0.726811 0.285880 0.085069 0.173611
0 0.652282 0.280093 0.083333 0.136243
0 0.574405 0.302745 0.067956 0.135913
0 0.496280 0.319610 0.064980 0.126653
0 0.447917 0.322917 0.048611 0.141204
0 0.395213 0.339286 0.062748 0.154101
0 0.352927 0.346396 0.049603 0.134590
0 0.297123 0.355655 0.046131 0.118717
0 0.260913 0.357970 0.048115 0.092923
0 0.508681 0.443122 0.116071 0.210317
0 0.599702 0.429233 0.083333 0.197751
0 0.491319 0.620866 0.124008 0.493717
0 0.354663 0.644511 0.190972 0.479497
0 0.226314 0.631448 0.185268 0.472553
0 0.104911 0.627646 0.209325 0.360450
1 0.560764 0.392196 0.801091 0.151455
1 0.500248 0.700893 0.992560 0.598214
