0 0.182044 0.767609 0.345569 0.175099
0 0.262401 0.479539 0.226521 0.096478
0 0.219411 0.425347 0.261574 0.085813
0 0.202877 0.384673 0.215278 0.082341
0 0.191964 0.330357 0.168981 0.085813
0 0.319610 0.312004 0.159722 0.064484
0 0.595073 0.157118 0.098214 0.055308
0 0.633763 0.177331 0.098214 0.067460
0 0.669974 0.235119 0.114418 0.076389
0 0.693783 0.292783 0.138889 0.098462
0 0.718750 0.329365 0.157077 0.087798
0 0.810847 0.389881 0.197751 0.095734
0 0.859458 0.415055 0.158730 0.094990
0 0.835483 0.461806 0.223876 0.107639
0 0.318618 0.242560 0.104828 0.047619
0 0.339451 0.265253 0.146495 0.058780
