0 0.396205 0.303075 0.126736 0.223876
0 0.469122 0.231151 0.151042 0.164021
0 0.073661 0.618386 0.146825 0.240741
0 0.223214 0.537202 0.165675 0.128638
0 0.410590 0.908399 0.239831 0.183201
0 0.516989 0.815642 0.260665 0.258267
0 0.645957 0.644345 0.185764 0.213955
0 0.698909 0.556217 0.196925 0.152778
0 0.679439 0.636243 0.186260 0.196429
0 0.737227 0.482639 0.176339 0.182870
0 0.539559 0.155754 0.126240 0.158069
0 0.777282 0.410384 0.188988 0.176587
0 0.797991 0.355489 0.177827 0.155423
0 0.832961 0.299769 0.170387 0.147817
0 0.847222 0.222553 0.167163 0.131614
