0 0.659598 0.784888 0.184276 0.127976
0 0.636905 0.622024 0.148810 0.075397
0 0.625992 0.559028 0.129960 0.061177
0 0.611235 0.479167 0.121280 0.076720
0 0.594122 0.394511 0.093502 0.066138
0 0.355903 0.848876 0.140873 0.118386
0 0.373512 0.760913 0.145337 0.073413
0 0.367560 0.692130 0.132440 0.069444
0 0.424603 0.597884 0.100198 0.056217
0 0.423487 0.542163 0.098958 0.060516
0 0.160342 0.768188 0.154514 0.078704
0 0.213418 0.679067 0.127232 0.090278
0 0.171627 0.584491 0.088294 0.071098
0 0.218006 0.532077 0.076885 0.074735
0 0.308160 0.486442 0.084573 0.044312
0 0.301091 0.507110 0.084325 0.038029
0 0.291543 0.539187 0.085069 0.041336
0 0.271453 0.573413 0.093998 0.055556
0 0.345610 0.454200 0.076637 0.047950
0 0.181424 0.475860 0.077133 0.035714
0 0.413194 0.300265 0.057540 0.044974
0 0.403646 0.326720 0.050843 0.033069
0 0.452753 0.355655 0.063244 0.038029
0 0.129712 0.525298 0.082837 0.052579
0 0.097842 0.571429 0.089534 0.059524
0 0.053571 0.627149 0.100198 0.051918
1 0.658358 0.599372 0.255208 0.627315
1 0.413690 0.654927 0.191468 0.571098
1 0.249380 0.645503 0.327133 0.552249
1 0.152034 0.604993 0.303571 0.433532
