0 0.125000 0.298942 0.110615 0.175265
0 0.190228 0.299769 0.110615 0.175595
0 0.232515 0.305721 0.097966 0.169643
0 0.267981 0.299769 0.062748 0.125992
0 0.295635 0.291171 0.080357 0.165013
0 0.352927 0.310516 0.082341 0.144180
0 0.415799 0.307044 0.068700 0.106812
0 0.275422 0.611772 0.167907 0.511905
0 0.432664 0.566138 0.112847 0.400132
0 0.339782 0.427249 0.075893 0.253307
0 0.551959 0.607970 0.254712 0.428241
0 0.624008 0.556052 0.227183 0.399140
0 0.802579 0.550265 0.224206 0.351852
0 0.908606 0.533565 0.182788 0.323082
1 0.521825 0.670304 0.956349 0.485450
