0 0.321057 0.698413 0.118800 0.199735
0 0.349826 0.627811 0.081597 0.182209
0 0.433284 0.620536 0.083333 0.209325
0 0.496280 0.602183 0.109127 0.187169
0 0.533482 0.583995 0.060516 0.193122
0 0.559772 0.582011 0.057044 0.179233
0 0.614459 0.593089 0.084573 0.163690
0 0.657366 0.555060 0.078621 0.096230
0 0.746776 0.463790 0.068948 0.081019
0 0.725570 0.425265 0.073165 0.066799
0 0.690228 0.364253 0.066964 0.073743
0 0.863219 0.546958 0.096478 0.117725
0 0.828373 0.684028 0.104663 0.162368
0 0.868552 0.646825 0.090774 0.140873
1 0.458953 0.645172 0.343998 0.234788
