0 0.833953 0.274802 0.086558 0.140212
0 0.776290 0.288360 0.065476 0.128307
0 0.725322 0.297454 0.061260 0.142526
0 0.633185 0.303571 0.083333 0.112434
0 0.557788 0.310847 0.059028 0.142196
0 0.512649 0.317626 0.058532 0.137235
0 0.465154 0.327712 0.046875 0.125661
0 0.442708 0.332507 0.046131 0.138558
0 0.376860 0.338790 0.055804 0.151786
0 0.488839 0.426753 0.066468 0.165675
0 0.419271 0.428737 0.061756 0.176257
0 0.356151 0.428075 0.074901 0.157738
0 0.871528 0.565146 0.256944 0.487434
0 0.700893 0.596892 0.181052 0.495370
0 0.579489 0.619213 0.150546 0.500992
0 0.431672 0.608135 0.126736 0.396164
0 0.332713 0.611442 0.121280 0.330026
0 0.262649 0.594577 0.157242 0.406085
1 0.514261 0.681713 0.969990 0.564484
1 0.594866 0.292163 0.732887 0.107474
