0 0.242560 0.615575 0.283399 0.107639
0 0.231647 0.724826 0.276786 0.153026
0 0.242229 0.909846 0.248347 0.180308
0 0.818948 0.572049 0.228505 0.141121
0 0.616237 0.229787 0.161706 0.050347
0 0.605324 0.192584 0.109458 0.040923
0 0.561012 0.163442 0.098214 0.029762
0 0.536872 0.142609 0.076389 0.023313
0 0.529927 0.103299 0.086971 0.024058
0 0.498181 0.069940 0.080357 0.031250
0 0.488757 0.056548 0.085979 0.061012
0 0.307705 0.102927 0.086971 0.033234
0 0.289683 0.246156 0.143519 0.067212
0 0.267692 0.205977 0.118056 0.035466
0 0.264220 0.317336 0.187169 0.085069
0 0.282242 0.404762 0.226521 0.095734
0 0.232639 0.609995 0.272817 0.085069
