0 0.273562 0.380126 0.049107 0.063823
0 0.149802 0.372354 0.052579 0.054894
0 0.255332 0.485450 0.111359 0.175926
0 0.200149 0.467097 0.072421 0.190807
0 0.096106 0.490245 0.111359 0.174272
0 0.054688 0.488757 0.108879 0.138889
0 0.046007 0.441138 0.091518 0.099868
0 0.485119 0.384425 0.044147 0.081019
0 0.527034 0.393684 0.041171 0.071098
0 0.570437 0.392692 0.041171 0.072421
0 0.602307 0.393188 0.021577 0.070767
0 0.634177 0.401290 0.033730 0.067130
0 0.661210 0.397983 0.024802 0.079696
0 0.698909 0.394015 0.021825 0.068452
0 0.711806 0.382606 0.029762 0.078704
0 0.750248 0.395999 0.030754 0.081019
0 0.435764 0.502149 0.119544 0.212632
0 0.639137 0.544147 0.072421 0.239749
0 0.777778 0.544974 0.076885 0.288360
0 0.903646 0.569940 0.111359 0.274140
1 0.772445 0.632275 0.455109 0.248677
1 0.172619 0.544643 0.344742 0.147487
