0 0.154018 0.281415 0.122520 0.322090
0 0.174603 0.136078 0.074901 0.174934
0 0.226687 0.134259 0.092262 0.223545
0 0.265501 0.162698 0.070685 0.175265
0 0.313988 0.138228 0.075893 0.165344
0 0.361731 0.148479 0.062748 0.143519
0 0.384921 0.159722 0.056548 0.143519
0 0.425595 0.166667 0.056548 0.111111
0 0.466270 0.152612 0.073413 0.127976
0 0.048859 0.265542 0.097222 0.338624
0 0.134797 0.282738 0.129216 0.320767
0 0.242188 0.277612 0.120288 0.247024
0 0.304936 0.296462 0.108879 0.268188
0 0.385665 0.288029 0.141369 0.240079
0 0.453249 0.304233 0.118304 0.182540
0 0.531126 0.308862 0.128224 0.208333
0 0.582465 0.300761 0.121280 0.194775
0 0.247272 0.542659 0.223214 0.649471
0 0.395461 0.509259 0.169395 0.505291
0 0.526538 0.533565 0.205853 0.497685
0 0.679688 0.552249 0.200645 0.450397
0 0.771701 0.573247 0.213542 0.381283
0 0.875620 0.577216 0.219990 0.386574
