0 0.258102 0.266121 0.153770 0.094742
0 0.730655 0.266121 0.137897 0.055556
0 0.678737 0.339286 0.166336 0.104663
0 0.668155 0.419643 0.243056 0.098214
0 0.660880 0.472966 0.331019 0.150298
0 0.668155 0.544891 0.375331 0.128968
0 0.647983 0.610243 0.446759 0.051339
0 0.552745 0.673239 0.361442 0.169395
0 0.559028 0.775794 0.510251 0.113591
0 0.470899 0.879340 0.583995 0.235863
0 0.443122 0.333333 0.201720 0.096230
0 0.432540 0.389881 0.214286 0.087302
0 0.315311 0.437252 0.300595 0.118552
0 0.301257 0.517485 0.273148 0.104415
0 0.184524 0.619544 0.273148 0.185020
1 0.402116 0.769717 0.791667 0.447173
1 0.550430 0.455481 0.519511 0.262153
1 0.605655 0.254464 0.368056 0.135417
1 0.330853 0.253596 0.239087 0.092014
1 0.187665 0.344494 0.270172 0.094246
1 0.073743 0.425347 0.146825 0.062996
