0 0.306217 0.323785 0.220238 0.065228
0 0.315146 0.347842 0.224868 0.067212
0 0.317130 0.386409 0.273810 0.061508
0 0.348876 0.422247 0.244709 0.078621
0 0.348380 0.466394 0.236442 0.052827
0 0.334987 0.508309 0.259259 0.063244
0 0.342097 0.537202 0.253638 0.084325
0 0.333003 0.602555 0.315476 0.096974
0 0.370536 0.683408 0.309193 0.090030
0 0.352183 0.767733 0.326720 0.110367
0 0.383102 0.844494 0.372024 0.105159
0 0.324405 0.948165 0.404101 0.103671
0 0.806548 0.956969 0.386243 0.082093
0 0.791171 0.894593 0.374008 0.080853
0 0.736442 0.822173 0.341931 0.097222
0 0.759425 0.748388 0.303241 0.082589
0 0.689319 0.673983 0.302579 0.100942
0 0.680556 0.614335 0.279762 0.072917
0 0.655589 0.570064 0.276786 0.055308
0 0.649306 0.528522 0.208664 0.051091
0 0.631614 0.498016 0.240079 0.064980
0 0.614749 0.463914 0.224868 0.073661
0 0.598380 0.423735 0.230489 0.048859
0 0.605489 0.398438 0.225529 0.057292
0 0.602679 0.343130 0.201389 0.074653
0 0.696925 0.281746 0.194775 0.109127
0 0.839286 0.347098 0.183201 0.098462
0 0.904597 0.354167 0.186839 0.090774
1 0.362269 0.645957 0.483796 0.708085
