0 0.229291 0.743552 0.072173 0.072421
0 0.313988 0.766700 0.086310 0.096892
0 0.141865 0.665179 0.064980 0.084325
0 0.041171 0.616567 0.057044 0.060516
0 0.064608 0.605159 0.065228 0.065476
0 0.094618 0.595899 0.063244 0.075397
0 0.640129 0.813327 0.096230 0.112103
0 0.673487 0.783565 0.105407 0.116733
0 0.698165 0.718585 0.099206 0.077381
0 0.702009 0.686343 0.090526 0.070437
0 0.734871 0.652282 0.085317 0.077050
0 0.758557 0.628638 0.084077 0.087963
0 0.671379 0.483962 0.068948 0.057870
0 0.860987 0.474868 0.025546 0.090608
0 0.842510 0.472884 0.033234 0.089286
0 0.815848 0.465774 0.029018 0.081019
0 0.795015 0.472388 0.029018 0.091601
0 0.335069 0.707011 0.090278 0.070106
0 0.414435 0.712302 0.088294 0.070767
0 0.427951 0.676257 0.071181 0.058862
0 0.451513 0.666667 0.066220 0.064153
1 0.692460 0.704200 0.272817 0.398479
1 0.445188 0.637070 0.361111 0.283399
1 0.336806 0.582507 0.296627 0.262897
1 0.225322 0.520999 0.285466 0.206019
