0 0.184400 0.165675 0.109375 0.308201
0 0.259425 0.166171 0.099702 0.303241
0 0.332217 0.160384 0.079117 0.291667
0 0.381324 0.183862 0.054812 0.278439
0 0.433036 0.190146 0.065972 0.285053
0 0.499752 0.181052 0.062004 0.280754
0 0.535838 0.187335 0.044395 0.205357
0 0.557912 0.199735 0.019593 0.185185
0 0.590278 0.205192 0.032242 0.178241
0 0.622644 0.168155 0.078125 0.206680
0 0.655134 0.201224 0.031002 0.249669
0 0.959573 0.287864 0.057044 0.111442
0 0.895213 0.312335 0.063244 0.102844
0 0.234375 0.615245 0.110119 0.128638
0 0.287946 0.599868 0.058036 0.152116
0 0.339286 0.576885 0.032738 0.129299
0 0.397817 0.556548 0.048115 0.140212
0 0.424479 0.526786 0.031002 0.144841
0 0.466146 0.523810 0.047867 0.121032
0 0.493800 0.500331 0.042163 0.093915
0 0.527158 0.493221 0.051835 0.127976
0 0.550595 0.500331 0.030754 0.113757
0 0.570809 0.480159 0.027530 0.101190
0 0.590030 0.477183 0.039683 0.088624
0 0.613963 0.480655 0.034970 0.090278
0 0.636161 0.461806 0.017361 0.096892
0 0.657490 0.445106 0.031250 0.083995
0 0.694692 0.445602 0.031746 0.098214
0 0.244420 0.747520 0.060268 0.129960
0 0.295759 0.741733 0.041419 0.150132
0 0.327753 0.722884 0.048859 0.119048
0 0.354787 0.691634 0.029018 0.128638
0 0.382068 0.696098 0.036458 0.130291
0 0.408234 0.686839 0.026786 0.107804
0 0.437624 0.683532 0.033978 0.131614
0 0.460441 0.672950 0.034970 0.087963
0 0.492560 0.635417 0.032242 0.086310
0 0.503348 0.616237 0.021577 0.061839
0 0.527158 0.616237 0.027530 0.084987
0 0.544023 0.619048 0.027530 0.076058
0 0.565972 0.605159 0.031746 0.078042
0 0.588294 0.594577 0.032738 0.089286
0 0.612351 0.592593 0.026290 0.076058
0 0.630332 0.589286 0.026538 0.083333
0 0.653646 0.568122 0.040427 0.066799
1 0.546627 0.190311 0.784226 0.217262
1 0.762525 0.454530 0.152034 0.204034
1 0.675719 0.498843 0.146081 0.226521
1 0.551215 0.558532 0.194692 0.287037
1 0.408358 0.596230 0.202629 0.317460
1 0.313864 0.639550 0.162450 0.341931
1 0.698413 0.679894 0.064980 0.155423
1 0.645337 0.702050 0.068452 0.166005
1 0.578869 0.735615 0.047619 0.139881
1 0.527654 0.766204 0.054812 0.143519
1 0.467138 0.818948 0.060764 0.171627
1 0.399058 0.847718 0.065972 0.188823
1 0.319196 0.899967 0.107639 0.200066
