0 0.414683 0.131076 0.222222 0.077133
0 0.395999 0.181672 0.241071 0.081597
0 0.391700 0.272693 0.272156 0.088542
0 0.425761 0.354167 0.256944 0.083829
0 0.413690 0.454489 0.263889 0.092014
0 0.401290 0.574653 0.287368 0.079365
0 0.416667 0.640625 0.324074 0.078373
0 0.403274 0.737351 0.322421 0.087798
0 0.412864 0.823661 0.334987 0.084325
0 0.691138 0.760169 0.279101 0.072421
0 0.813327 0.693328 0.312500 0.096478
0 0.798446 0.631324 0.327712 0.065724
0 0.774967 0.582093 0.331680 0.056548
0 0.727183 0.531250 0.321429 0.063492
0 0.717262 0.494792 0.216270 0.046131
0 0.686839 0.448165 0.275132 0.084325
0 0.676257 0.393601 0.224868 0.063988
0 0.701224 0.338294 0.210648 0.075893
0 0.696925 0.304936 0.241733 0.087054
0 0.645007 0.236979 0.221230 0.078125
0 0.687335 0.190972 0.177579 0.089286
1 0.740906 0.527406 0.437500 0.794395
1 0.448413 0.521329 0.394841 0.884425
