0 0.838170 0.348876 0.061756 0.185847
0 0.790675 0.364253 0.059524 0.188161
0 0.738591 0.372024 0.058036 0.161376
0 0.689484 0.371032 0.052579 0.187831
0 0.651662 0.367560 0.042411 0.141204
0 0.603919 0.368552 0.053075 0.151786
0 0.564236 0.379134 0.043155 0.135913
0 0.524554 0.374339 0.042163 0.119709
0 0.495784 0.385913 0.059524 0.142857
0 0.471478 0.391700 0.060020 0.137897
0 0.451017 0.388724 0.042411 0.139220
0 0.431672 0.398975 0.029514 0.111442
0 0.402406 0.402282 0.069196 0.100860
0 0.366195 0.410384 0.042907 0.107804
0 0.315104 0.412368 0.039931 0.097884
0 0.268353 0.415675 0.068452 0.099206
0 0.214658 0.438327 0.054812 0.125331
0 0.856895 0.133929 0.051587 0.099206
0 0.886781 0.117560 0.036458 0.093585
0 0.794395 0.541997 0.093254 0.239418
0 0.733631 0.541667 0.069940 0.239418
0 0.672619 0.546958 0.100198 0.226190
0 0.591146 0.534557 0.056796 0.213955
0 0.542659 0.542493 0.082837 0.203373
0 0.490451 0.580522 0.071677 0.209987
0 0.694692 0.726687 0.122520 0.340278
0 0.600942 0.741237 0.091270 0.301918
0 0.510045 0.759921 0.137649 0.332011
0 0.444816 0.788360 0.113343 0.331349
0 0.381200 0.763228 0.121528 0.238095
0 0.283854 0.730159 0.113343 0.297619
0 0.226314 0.724868 0.117808 0.270503
1 0.308780 0.744544 0.617063 0.420966
