0 0.147817 0.580729 0.211640 0.178323
0 0.224206 0.561756 0.183201 0.183036
0 0.352183 0.542659 0.189153 0.174107
0 0.451389 0.514261 0.149471 0.141617
0 0.530589 0.499008 0.172288 0.118552
0 0.578704 0.468502 0.158730 0.121528
0 0.927249 0.412078 0.132275 0.082093
0 0.869048 0.417535 0.136905 0.096974
0 0.828208 0.432788 0.119378 0.066468
0 0.750827 0.437376 0.131944 0.093998
0 0.687665 0.454613 0.155754 0.116071
0 0.626819 0.478547 0.149140 0.118304
1 0.500992 0.522817 0.815476 0.328869
1 0.789021 0.734995 0.421958 0.286954
