0 0.202712 0.119296 0.242063 0.121032
0 0.274802 0.178943 0.140873 0.083581
0 0.355159 0.202133 0.167328 0.111111
0 0.352183 0.337922 0.240079 0.086558
0 0.664187 0.295015 0.186177 0.063244
0 0.672454 0.342262 0.170304 0.059028
0 0.681052 0.402034 0.212632 0.084325
0 0.674769 0.450769 0.166997 0.082589
0 0.757937 0.473710 0.184524 0.049603
0 0.711310 0.524554 0.238095 0.057540
0 0.743221 0.550223 0.219246 0.042411
0 0.714286 0.598710 0.272487 0.044643
0 0.697421 0.666667 0.316138 0.070933
0 0.758929 0.702629 0.236111 0.042659
0 0.727183 0.758061 0.283069 0.060764
0 0.770999 0.794891 0.264220 0.076389
0 0.739253 0.870784 0.323082 0.090774
0 0.761905 0.956473 0.354497 0.087054
0 0.413690 0.936384 0.320767 0.127232
0 0.331019 0.877604 0.310185 0.093502
0 0.397487 0.807664 0.330688 0.073661
0 0.391204 0.759053 0.352513 0.070188
0 0.434524 0.705853 0.297619 0.069940
0 0.432044 0.643353 0.252315 0.092758
0 0.410880 0.602183 0.267526 0.077877
0 0.405093 0.560640 0.253307 0.087550
0 0.451389 0.484375 0.183201 0.103671
0 0.419478 0.448413 0.231151 0.093750
0 0.438657 0.400174 0.219246 0.072173
0 0.460483 0.339286 0.186839 0.102183
1 0.597057 0.391741 0.528108 0.323165
1 0.610284 0.637897 0.682870 0.330853
1 0.539021 0.867684 0.759921 0.264633
1 0.075893 0.298611 0.151124 0.211806
