0 0.093750 0.704696 0.070933 0.224206
0 0.184152 0.646991 0.076141 0.181548
0 0.314484 0.345073 0.065972 0.139220
0 0.349206 0.228175 0.050099 0.112434
0 0.689360 0.177249 0.058780 0.109127
0 0.765749 0.134921 0.084573 0.105159
0 0.810020 0.130622 0.051587 0.109788
0 0.700521 0.305060 0.080605 0.116733
0 0.752232 0.304233 0.064484 0.128307
0 0.837178 0.485946 0.087054 0.172288
0 0.758681 0.500827 0.074901 0.168320
0 0.687996 0.491733 0.060516 0.160714
0 0.615699 0.497024 0.061756 0.174603
0 0.563368 0.495536 0.040427 0.188161
0 0.511905 0.511409 0.054067 0.180886
0 0.460441 0.523313 0.034970 0.165013
0 0.417907 0.509425 0.047619 0.149802
0 0.253224 0.505622 0.082837 0.121032
0 0.319444 0.520503 0.048611 0.155423
0 0.364335 0.519511 0.044147 0.177910
0 0.404514 0.500661 0.034226 0.133598
0 0.552455 0.671958 0.069196 0.214286
0 0.595734 0.675761 0.091270 0.229167
0 0.647197 0.674769 0.089534 0.244378
0 0.708457 0.682044 0.110863 0.269511
0 0.760789 0.654266 0.086558 0.247685
0 0.850322 0.693122 0.102431 0.266534
0 0.888393 0.646991 0.097718 0.276124
0 0.467510 0.660384 0.063492 0.209656
0 0.410838 0.665675 0.047371 0.206349
0 0.293899 0.667659 0.075893 0.200397
1 0.514509 0.727513 0.815228 0.274471
1 0.564484 0.553075 0.718750 0.170304
1 0.605903 0.310847 0.562004 0.174603
