0 0.687335 0.060392 0.329034 0.102927
0 0.398479 0.160466 0.306217 0.145833
0 0.396495 0.238839 0.292989 0.115575
0 0.415179 0.321181 0.292659 0.112599
0 0.409888 0.374628 0.307209 0.102431
0 0.382606 0.460193 0.293651 0.136161
0 0.313327 0.747520 0.374008 0.128968
0 0.338790 0.850694 0.402447 0.092262
0 0.326720 0.934152 0.527116 0.129712
0 0.747851 0.141121 0.274140 0.098214
0 0.752811 0.222470 0.241733 0.101190
0 0.783896 0.260293 0.353505 0.071677
0 0.719081 0.290427 0.267526 0.097718
0 0.741567 0.367932 0.303241 0.077133
0 0.752315 0.418651 0.322090 0.077877
0 0.736442 0.470734 0.355159 0.059524
0 0.819940 0.511781 0.335648 0.108383
0 0.729167 0.562996 0.365741 0.062500
0 0.776786 0.654886 0.416667 0.102927
0 0.771991 0.754588 0.397817 0.090030
0 0.797454 0.842634 0.376653 0.107391
0 0.794478 0.934772 0.391865 0.118552
1 0.558201 0.508061 0.773810 0.983879
