0 0.713666 0.506118 0.329613 0.629960
0 0.368800 0.526290 0.245040 0.657738
0 0.161210 0.527282 0.248016 0.724537
0 0.056424 0.098380 0.059276 0.121362
0 0.097594 0.095073 0.040427 0.153108
0 0.140749 0.119544 0.060268 0.150463
0 0.185516 0.057540 0.074405 0.076058
0 0.284846 0.120040 0.045883 0.122354
0 0.235367 0.115575 0.047123 0.115410
0 0.191592 0.118056 0.062748 0.123016
0 0.513641 0.121362 0.047123 0.102513
0 0.529514 0.099868 0.033234 0.109127
0 0.548611 0.113261 0.032738 0.102844
0 0.567832 0.120536 0.038442 0.111442
0 0.609871 0.144511 0.051587 0.092593
0 0.639137 0.120040 0.055556 0.087963
0 0.662202 0.114253 0.051091 0.091601
0 0.770337 0.118221 0.057540 0.081680
0 0.939980 0.139716 0.066468 0.104167
1 0.491319 0.754960 0.974702 0.490079
