0 0.178241 0.817956 0.268519 0.088790
0 0.224537 0.671007 0.222884 0.094990
0 0.227017 0.581721 0.199405 0.073661
0 0.291667 0.539062 0.187169 0.042411
0 0.307209 0.493428 0.165344 0.051835
0 0.316138 0.376860 0.169974 0.075149
0 0.330357 0.320809 0.162698 0.075149
0 0.339286 0.268105 0.138889 0.061508
0 0.356812 0.220238 0.143519 0.062500
0 0.612930 0.602555 0.170304 0.048859
0 0.612103 0.534226 0.211640 0.061012
0 0.639385 0.441344 0.188823 0.053819
0 0.609127 0.388517 0.183201 0.038938
0 0.608135 0.340278 0.183201 0.056052
0 0.609127 0.308780 0.126323 0.059524
0 0.590774 0.269841 0.108796 0.052579
