0 0.401786 0.145585 0.240079 0.061012
0 0.400794 0.191592 0.240741 0.065228
0 0.385417 0.287946 0.255622 0.080853
0 0.417659 0.402034 0.272487 0.071429
0 0.406581 0.468874 0.289352 0.066220
0 0.432044 0.533234 0.261574 0.059524
0 0.345569 0.593626 0.282407 0.069196
0 0.397983 0.636161 0.325066 0.056548
0 0.404597 0.706101 0.323082 0.099206
0 0.406581 0.814236 0.387235 0.099702
0 0.715608 0.216270 0.209656 0.082837
0 0.755622 0.268601 0.251323 0.074405
0 0.779266 0.321181 0.243717 0.065972
0 0.784392 0.381572 0.250661 0.090526
0 0.856151 0.513517 0.261905 0.088046
0 0.852679 0.598338 0.290675 0.101935
0 0.868221 0.685144 0.263558 0.072669
0 0.875827 0.758309 0.248347 0.087054
1 0.779431 0.550595 0.441138 0.809524
1 0.409061 0.572297 0.379630 0.840526
