1 0.649926 0.552249 0.335069 0.152778
1 0.437252 0.627811 0.219246 0.252976
1 0.521577 0.587798 0.249008 0.249008
0 0.841022 0.533730 0.059028 0.076720
0 0.775422 0.520503 0.047867 0.057540
0 0.708457 0.551587 0.046875 0.085979
0 0.674851 0.542163 0.048611 0.093585
0 0.617808 0.520668 0.050595 0.070437
0 0.586434 0.612434 0.112351 0.109127
0 0.533110 0.583829 0.077629 0.116733
0 0.460938 0.534722 0.068204 0.052249
0 0.545883 0.503968 0.033234 0.054233
0 0.581845 0.482474 0.033234 0.033730
0 0.408482 0.553737 0.059028 0.073082
0 0.437872 0.622685 0.110863 0.119709
0 0.456101 0.478340 0.032242 0.038029
