0 0.781622 0.490741 0.068700 0.164021
0 0.690476 0.497024 0.071925 0.158069
0 0.650918 0.508929 0.051339 0.150132
0 0.562004 0.497024 0.037202 0.149471
0 0.516121 0.508598 0.045139 0.153439
0 0.493056 0.515708 0.039683 0.140542
0 0.469618 0.496032 0.044891 0.153439
0 0.427951 0.503803 0.050347 0.150463
0 0.385665 0.507937 0.050595 0.139550
0 0.343130 0.509425 0.048859 0.168320
0 0.181796 0.594081 0.125992 0.114749
0 0.186012 0.524471 0.119544 0.075397
0 0.139013 0.455522 0.110367 0.085648
1 0.579489 0.532573 0.559772 0.180225
