0 0.430556 0.655258 0.152778 0.042659
0 0.435351 0.611979 0.153108 0.039931
0 0.457507 0.506944 0.157738 0.046627
0 0.461806 0.471230 0.155093 0.038690
0 0.400794 0.350818 0.087963 0.109871
0 0.348876 0.367312 0.064153 0.112599
0 0.313327 0.370040 0.047288 0.114087
0 0.622851 0.230159 0.086971 0.145833
0 0.535880 0.249628 0.053902 0.125248
0 0.484954 0.238467 0.047288 0.126240
0 0.447586 0.239087 0.067791 0.137401
0 0.399802 0.224330 0.087963 0.123264
0 0.732970 0.597346 0.168320 0.055804
0 0.730655 0.666047 0.197421 0.055308
0 0.756614 0.502356 0.165344 0.035962
0 0.727183 0.475818 0.158730 0.027034
0 0.731151 0.440104 0.161376 0.037450
0 0.723380 0.400546 0.184854 0.044643
0 0.744048 0.351935 0.146825 0.059524
0 0.278108 0.298983 0.075397 0.106895
0 0.250827 0.340030 0.088294 0.119048
0 0.222388 0.358755 0.054563 0.109871
1 0.181382 0.345734 0.362103 0.119048
