0 0.804191 0.657407 0.119792 0.351852
0 0.950645 0.698909 0.098710 0.337632
0 0.719866 0.626819 0.082589 0.315807
0 0.629836 0.616733 0.078125 0.286376
0 0.579241 0.616237 0.083085 0.282738
0 0.508185 0.675430 0.082341 0.252976
0 0.441592 0.685847 0.079613 0.238095
0 0.396329 0.679563 0.059524 0.238095
0 0.343130 0.659061 0.064732 0.251323
0 0.297495 0.654597 0.083085 0.216601
0 0.661210 0.132110 0.098710 0.223876
0 0.725074 0.150298 0.071181 0.241733
0 0.778274 0.112765 0.087798 0.220899
0 0.855407 0.121032 0.106647 0.233466
0 0.566716 0.164187 0.113591 0.217923
0 0.509425 0.233466 0.077381 0.199074
0 0.453869 0.248347 0.053075 0.196429
0 0.433532 0.291171 0.057540 0.196098
0 0.308656 0.300265 0.071677 0.164021
1 0.531498 0.751323 0.937004 0.429233
1 0.556796 0.236772 0.845734 0.431217
