0 0.193080 0.191634 0.076637 0.250331
0 0.253224 0.202216 0.070933 0.227183
0 0.339782 0.215278 0.126488 0.222884
0 0.416791 0.207507 0.077133 0.215278
0 0.476190 0.215112 0.066468 0.215939
0 0.531498 0.211310 0.081349 0.196429
0 0.575893 0.216601 0.089286 0.229497
0 0.618676 0.239749 0.036458 0.176587
0 0.658854 0.230655 0.045387 0.163029
0 0.676959 0.214286 0.077629 0.205026
0 0.262649 0.503307 0.100198 0.227513
0 0.339286 0.498843 0.116071 0.247685
0 0.427331 0.499835 0.090278 0.259590
0 0.493428 0.497024 0.086558 0.255952
0 0.566716 0.532573 0.097718 0.213955
0 0.654762 0.479167 0.108631 0.243386
0 0.734623 0.510417 0.118056 0.235780
0 0.926587 0.732639 0.112599 0.294643
0 0.864335 0.738261 0.126984 0.326389
0 0.771949 0.733466 0.128224 0.330026
0 0.682788 0.704696 0.140377 0.296958
0 0.623264 0.737269 0.141369 0.282077
0 0.548983 0.740245 0.126736 0.266204
0 0.495288 0.816634 0.133433 0.366071
0 0.383309 0.761905 0.112351 0.300926
0 0.321925 0.773975 0.132937 0.334987
0 0.238715 0.758929 0.128224 0.318122
1 0.439360 0.708333 0.643105 0.579365
1 0.422123 0.243386 0.552083 0.216931
