0 0.672454 0.121776 0.318452 0.125992
0 0.565642 0.192336 0.338294 0.100446
0 0.631944 0.227059 0.278439 0.139633
0 0.552249 0.308160 0.249339 0.126240
0 0.654597 0.334077 0.293981 0.104663
0 0.580192 0.396825 0.284722 0.101190
0 0.645503 0.439732 0.273148 0.086806
0 0.605159 0.506696 0.287698 0.075893
0 0.650794 0.541667 0.261905 0.056052
0 0.883598 0.607391 0.112434 0.208829
0 0.594577 0.583457 0.308201 0.065228
0 0.623843 0.613343 0.212632 0.061012
0 0.575893 0.667039 0.268849 0.080109
0 0.599868 0.752604 0.250661 0.080109
0 0.580192 0.823909 0.225860 0.077877
0 0.372851 0.855903 0.221230 0.062500
0 0.367725 0.882192 0.165344 0.059028
1 0.626819 0.472842 0.349537 0.831101
