0 0.236855 0.579696 0.052579 0.130291
0 0.277530 0.580522 0.033730 0.145833
0 0.307292 0.583995 0.042659 0.152778
0 0.339782 0.590278 0.048611 0.163360
0 0.392609 0.587302 0.043651 0.121032
0 0.431920 0.599702 0.045883 0.136574
0 0.464286 0.598380 0.042163 0.137235
0 0.496776 0.592593 0.027778 0.095899
0 0.538318 0.586806 0.045883 0.106151
0 0.588418 0.599372 0.044395 0.124669
0 0.634797 0.599868 0.059276 0.113095
0 0.673859 0.600364 0.047123 0.119378
0 0.718378 0.574405 0.048859 0.118386
0 0.771453 0.596065 0.046875 0.141204
0 0.819568 0.598380 0.053323 0.133929
0 0.903274 0.604167 0.074405 0.136905
1 0.618180 0.642857 0.763641 0.122354
