0 0.881614 0.254340 0.091931 0.145089
0 0.950397 0.352803 0.099206 0.151538
0 0.668651 0.176711 0.207672 0.045387
0 0.661872 0.219866 0.239087 0.051339
0 0.665344 0.272445 0.244709 0.053819
0 0.651290 0.321181 0.183532 0.065972
0 0.648810 0.388021 0.245370 0.072669
0 0.673446 0.461062 0.221892 0.079365
0 0.680060 0.516493 0.232474 0.077133
0 0.644015 0.576637 0.311839 0.096230
0 0.645999 0.640253 0.344907 0.107887
0 0.596892 0.705481 0.324074 0.098958
0 0.659392 0.787202 0.337302 0.081349
0 0.709821 0.847470 0.349537 0.107143
0 0.671958 0.937996 0.328042 0.106647
0 0.292163 0.941840 0.352844 0.115823
0 0.281085 0.824033 0.360450 0.123264
0 0.300761 0.675347 0.305886 0.092758
0 0.300265 0.596974 0.282407 0.099206
0 0.362930 0.521577 0.254299 0.085813
0 0.404597 0.454365 0.221892 0.069940
0 0.401290 0.404018 0.226521 0.094246
0 0.405589 0.349330 0.221892 0.080109
0 0.434358 0.309524 0.199405 0.062500
0 0.444444 0.213790 0.183201 0.079365
0 0.154762 0.192336 0.183201 0.127728
0 0.119544 0.238095 0.186839 0.087302
0 0.098380 0.282366 0.174934 0.078125
1 0.564980 0.267733 0.371362 0.217014
1 0.560185 0.385045 0.469577 0.240327
1 0.526620 0.528150 0.572421 0.274058
1 0.495701 0.809896 0.708995 0.380208
1 0.162864 0.214286 0.234458 0.125496
1 0.118552 0.327257 0.236442 0.158978
1 0.060847 0.453249 0.121032 0.118800
