0 0.722057 0.795635 0.541336 0.283234
0 0.791171 0.583085 0.415675 0.281250
0 0.770999 0.476190 0.458003 0.207341
0 0.781581 0.364211 0.424272 0.241815
0 0.742229 0.297247 0.375992 0.235367
0 0.771991 0.228423 0.329696 0.191964
0 0.731978 0.194196 0.311839 0.153770
0 0.718089 0.150794 0.284722 0.181548
0 0.444610 0.229787 0.266204 0.067212
0 0.428737 0.280754 0.280754 0.081349
0 0.397983 0.361359 0.327712 0.108631
0 0.375331 0.416171 0.310847 0.097222
0 0.338790 0.490327 0.379960 0.130952
0 0.343089 0.563492 0.405093 0.138393
0 0.282407 0.680556 0.403439 0.124008
0 0.278108 0.757937 0.440476 0.156250
0 0.219246 0.890005 0.437831 0.192212
1 0.619378 0.457589 0.705026 0.459325
1 0.653935 0.133061 0.541336 0.184276
1 0.267526 0.079241 0.167328 0.096478
1 0.209325 0.187996 0.175926 0.114087
1 0.141865 0.286582 0.205026 0.108383
1 0.097884 0.397817 0.167989 0.125496
1 0.053902 0.563740 0.107143 0.209325
